
state={
	id=111
	name="STATE_111"

	history={
		owner = NCH
		add_core_of = NCH

	}

	provinces={
		41 80 437 574 623 1016 1039 1055 1155 1184 1240 1299 1332 1431 1629 1636 1650 1780 1789 1795 1826 1836 1948 1980 2193 2195 2263 2389 2401 2458 2480 2537 2562 2984 2990 2993 2998 3005 3010 3014 3019 3024 3029 3030 3033 3037 3041 3045 3047 3051 3054 3059 3064 3065 3067 3068 3072 3076 3079 3082 3090 3092 3094 3096 3097 3100 3102 
	}
	manpower=100000
	buildings_max_level_factor=1.000
	state_category=town
	local_supplies=0.000
}
