
state={
	id=173
	name="STATE_173"
	provinces={
		5 13 43 60 142 160 198 206 226 246 279 283 318 339 348 359 377 394 398 414 449 467 492 499 536 595 599 601 616 619 687 694 699 711 717 768 823 847 889 927 938 944 973 1004 1036 1091 1141 1193 1200 1289 1328 1397 1398 1457 1476 1539 1577 1595 1668 1746 1769 1796 1810 1830 1988 2089 2110 2200 2232 2452 2476 2511 2623 2625 2634 2644 2651 2653 2659 2678 2695 2708 3721 3723 3725 3727 3728 3729 3730 3731 3732 3733 3734 
	}
	history = {
		owner = CAN
		add_core_of = CAN
	}
	manpower=1
	buildings_max_level_factor=1.000
	state_category=town
	local_supplies=0.000
}
