state={
	id=180
	name="STATE_180"
	provinces={
		3 10 20 42 46 63 97 101 121 139 146 171 195 303 350 367 388 491 502 508 517 527 538 546 567 568 600 617 636 659 664 678 698 705 736 757 776 812 825 833 846 877 910 936 955 965 1044 1065 1112 1113 1115 1117 1119 1129 1161 1163 1187 1190 1194 1206 1242 1326 1347 1389 1401 1405 1412 1413 1436 1463 1468 1484 1527 1533 1547 1548 1551 1556 1571 1572 1575 1592 1597 1638 1651 1652 1655 1658 1686 1689 1694 1699 1751 1772 1774 1778 1821 1828 1864 1887 1911 1928 1930 2013 2092 2114 2136 2188 2204 2208 2209 2215 2235 2248 2252 2311 2373 2385 2427 2481 2554 2626 2656 2670 2671 2674 2677 2683 2688 2701 2703 2707 2709 2715 2718 2719 2721 2727 2730 2739 2740 2743 2747 2761 2764 2778 2779 2782 2793 2794 2795 2800 2829 
	}
	history = {
		owner = CAN
		add_core_of = CAN
	}
	manpower=1
	buildings_max_level_factor=1.000
 	state_category=town
	local_supplies=0.000
}
