
state={
	id=181
	name="STATE_181"
	provinces={
		2 8 92 108 130 138 140 151 156 166 172 173 183 215 225 227 228 234 248 250 251 255 257 263 270 271 285 295 307 330 332 353 355 378 380 400 421 434 442 445 464 470 477 504 519 523 526 530 531 552 573 581 582 606 613 625 628 639 645 650 672 676 683 690 700 707 729 738 750 756 762 771 779 788 809 826 827 836 848 849 850 852 855 860 873 922 950 994 1002 1006 1007 1033 1045 1050 1053 1061 1064 1075 1081 1083 1087 1090 1122 1132 1164 1167 1170 1188 1191 1192 1204 1223 1227 1228 1229 1239 1243 1268 1275 1304 1312 1334 1336 1341 1368 1392 1429 1437 1445 1448 1487 1504 1508 1509 1514 1515 1519 1520 1523 1530 1542 1580 1594 1602 1614 1617 1618 1621 1635 1657 1671 1680 1691 1718 1722 1742 1752 1797 1803 1811 1813 1867 1886 1894 1919 1929 1934 1942 1945 1953 1972 1982 1985 1994 2003 2008 2018 2022 2030 2032 2036 2040 2055 2056 2057 2060 2099 2105 2111 2115 2118 2128 2139 2146 2155 2176 2190 2199 2211 2250 2266 2290 2300 2302 2349 2355 2365 2405 2411 2429 2462 2512 2528 2538 2551 2593 2595 2596 2597 2598 2600 2602 2603 2605 2606 2607 2611 2613 2614 2615 2616 2617 2622 2624 2627 2628 2629 2633 2635 2636 2638 2639 2641 2642 2643 2645 2647 2648 2649 2650 2652 2655 2657 2661 2662 2664 2668 2669 2676 2684 2685 2686 2689 2691 2692 2694 2700 2710 2711 2713 2716 2717 2734 
	}
	history = {
		owner = CAN
		add_core_of = CAN
	}
	manpower=1
	buildings_max_level_factor=1.000
 	state_category=town
	local_supplies=0.000
}
