
state={
	id=185
	name="STATE_185"
	provinces={
		12 28 70 148 174 197 217 229 244 253 272 275 296 297 298 310 319 323 335 338 342 351 389 471 488 520 553 575 602 614 635 655 660 673 684 701 735 746 786 810 814 816 851 858 872 875 879 903 905 966 1014 1149 1340 1356 1376 1460 1526 1610 1656 1703 1707 1870 1901 1935 1974 2035 2172 2203 2220 2418 2453 2520 2546 2563 2567 2569 2570 2571 2574 2575 2585 2586 2589 3633 3639 3652 3659 3664 3665 3666 3667 3668 3669 3671 3672 3675 3676 3678 3681 3683 3684 3685 3686 3687 3688 3690 3691 3692 3693 3694 3695 3696 3699 3700 3701 3702 3704 3705 3706 3707 3709 3710 3711 3712 3716 3718 3719 3720 
	}
	history = {
		owner = USA
		add_core_of = USA
	}
	manpower=1
	buildings_max_level_factor=1.000
 	state_category=town
	local_supplies=0.000
}
