
state={
	id=188
	name="STATE_188"
	provinces={
		14 16 22 25 27 37 40 51 61 64 65 79 82 83 86 107 128 137 145 158 167 180 182 190 211 223 247 259 301 336 340 346 347 369 382 383 391 429 462 481 495 507 549 557 569 577 603 654 697 724 741 752 760 795 842 843 878 947 967 968 998 1001 1048 1069 1074 1105 1107 1108 1138 1171 1180 1224 1248 1266 1288 1433 1459 1489 1513 1538 1569 1643 1766 1800 1896 1969 1992 2070 2391 2407 2456 2504 2579 2582 2583 2584 2588 2591 2592 2594 
	}
	history = {
		owner = CAN
		add_core_of = CAN
	}
	manpower=1
	buildings_max_level_factor=1.000
 	state_category=town
	local_supplies=0.000
}
