
state={
	id=189
	name="STATE_189"
	provinces={
		7 24 38 47 88 90 103 105 114 116 125 144 161 181 209 220 221 238 239 277 292 316 324 333 341 356 372 395 423 430 465 510 584 649 682 743 772 805 817 957 975 979 991 1003 1009 1018 1046 1047 1109 1197 1318 1357 1425 1426 1454 1600 1606 1611 1661 1705 1714 1731 1745 1754 1771 1838 1877 1937 1938 1995 2053 2103 2145 2181 2298 2517 2564 2573 2576 2578 2581 3608 3609 3610 3611 3613 3614 3617 3618 3620 3622 3623 3624 3626 3627 3628 3630 3634 3635 3636 3637 3638 3640 3643 3644 3645 3646 3647 3648 3649 3650 3651 3653 3656 3657 3658 3660 3661 3662 3663 3670 3673 3674 3677 3679 3680 3682 3689 3697 3698 3703 
	}
	history = {
		owner = CAN
		add_core_of = CAN
	}
	manpower=1
	buildings_max_level_factor=1.000
 	state_category=town
	local_supplies=0.000
}
