
strategic_region={
	id=17
	name="STRATEGICREGION_17"
	provinces={
		34 57 62 67 68 69 77 84 111 113 122 127 129 131 178 188 193 194 213 224 237 240 256 267 273 282 288 315 334 354 366 370 374 407 408 432 435 458 459 485 506 509 515 564 590 609 638 657 669 677 709 720 781 819 856 904 906 911 925 958 969 987 1015 1032 1072 1073 1080 1082 1095 1097 1098 1130 1176 1178 1256 1262 1311 1339 1352 1406 1553 1578 1584 1623 1625 1667 1674 1733 1827 1880 1965 2042 2063 2069 2086 2087 2175 2197 2228 2437 2491 2496 2508 2541 2560 2729 2731 2732 2735 2737 2742 2751 2757 2773 2774 2780 2783 2784 2785 2789 2813 2838 2860 3151 3218 
	}
	weather={
	}
}
