
strategic_region={
	id=18
	name="STRATEGICREGION_18"
	provinces={
		32 44 50 110 115 120 134 141 165 191 210 343 375 379 403 404 417 441 444 447 513 562 598 610 612 647 653 665 685 689 695 706 712 728 751 780 794 798 862 881 883 898 899 900 924 942 952 976 990 995 1025 1027 1102 1136 1139 1144 1159 1165 1182 1189 1222 1251 1265 1283 1295 1296 1298 1309 1373 1377 1380 1382 1394 1410 1423 1461 1469 1477 1486 1488 1505 1529 1536 1554 1581 1588 1634 1664 1682 1687 1688 1696 1702 1784 1786 1799 1822 1824 1831 1897 1904 1916 1925 1926 1936 1956 1964 1970 1973 1978 1998 2014 2031 2037 2045 2050 2094 2096 2101 2116 2135 2150 2180 2223 2283 2310 2327 2350 2360 2371 2387 2388 2395 2416 2426 2446 2454 2489 2518 2547 2558 2749 2753 2755 2758 2760 2763 2770 2775 2776 2791 2797 2802 2805 2814 2818 2821 2823 2825 2826 2836 2841 2842 2845 2846 2847 2850 2852 2856 2858 2859 2862 2866 2867 2869 2872 2874 2877 2878 2879 2880 2882 2883 2885 2886 2888 2892 2893 2894 2895 2896 2897 2900 2901 2902 2904 2907 2910 2913 2915 2917 2919 2920 2921 2923 2926 2928 2930 2936 2938 2945 2946 2947 2948 2954 2964 2965 2974 3007 4602 
	}
	weather={
	}
}
