
strategic_region={
	id=19
	name="STRATEGICREGION_19"
	provinces={
		11 21 23 35 72 73 76 93 99 100 104 117 132 147 155 157 170 176 200 203 208 243 252 265 286 290 300 304 317 321 326 361 362 371 373 376 410 415 431 436 456 463 479 480 486 541 558 560 561 588 605 620 634 644 680 686 692 693 702 742 755 761 773 807 835 841 861 866 901 918 931 943 985 1022 1042 1070 1078 1085 1099 1120 1123 1126 1137 1145 1160 1207 1210 1216 1232 1241 1247 1292 1301 1313 1319 1353 1387 1399 1449 1493 1496 1593 1626 1648 1678 1706 1711 1748 1768 1773 1782 1787 1809 1825 1845 1865 1890 1947 1975 1986 2029 2041 2066 2098 2132 2171 2185 2229 2260 2268 2309 2315 2317 2326 2338 2345 2358 2374 2376 2399 2464 2470 2521 2988 2991 2992 3006 3173 3214 3234 3263 3280 3305 3333 3340 3357 3360 3370 3419 3436 3457 3482 3495 3534 3572 3584 3585 3745 3747 3810 3813 3871 3932 4000 4001 4042 4091 4141 4272 4449 4477 4512 4593 4630 4638 4660 4712 4739 4760 4764 4765 
	}
	weather={
	}
}
