
strategic_region={
	id=2
	name="STRATEGICREGION_2"
	provinces={
		159 592 857 934 981 982 1026 1031 1052 1104 1261 1267 1285 1300 1333 1358 1430 1528 1562 1662 1698 1721 1730 1743 1747 1764 1850 1857 1885 1909 1921 1932 1939 1957 1981 2010 2039 2090 2095 2100 2109 2122 2160 2184 2186 2207 2216 2245 2246 2249 2255 2262 2272 2294 2323 2422 2442 2460 2497 2555 3237 3244 3269 3270 3273 3275 3276 3277 3288 3292 3293 3294 3298 3303 3306 3308 3312 3313 3317 3323 3324 3325 3327 3331 3332 3341 3343 3344 3346 3347 3348 3352 3364 3367 3371 3374 3377 3378 3389 3409 3415 
	}
	weather={
	}
}
