
strategic_region={
	id=21
	name="STRATEGICREGION_21"
	provinces={
		143 185 219 261 262 385 393 412 547 548 637 734 747 754 803 828 870 926 946 992 996 1010 1012 1100 1116 1134 1173 1174 1208 1226 1244 1245 1258 1280 1360 1403 1408 1427 1442 1453 1485 1498 1500 1501 1544 1558 1697 1749 1755 1798 1833 1858 1900 1903 1913 1987 2004 2005 2058 2081 2113 2161 2247 2251 2253 2282 2303 2333 2369 2383 2393 2494 2515 2532 2542 2545 2679 2698 2724 2738 2750 2756 2765 2769 2777 2781 2788 2799 2806 2807 2816 2833 2844 2851 2854 2857 2864 2875 2876 2881 2899 2905 2911 2922 2937 3738 3744 3952 4132 4212 4560 4753 
	}
	weather={
	}
}
