
strategic_region={
	id=23
	name="STRATEGICREGION_23"
	provinces={
		9 17 19 30 36 59 78 112 175 189 232 242 313 365 384 419 420 426 428 439 453 478 498 537 555 629 641 642 651 658 675 688 708 725 726 737 753 785 797 853 859 876 885 886 909 923 948 1034 1038 1068 1092 1111 1127 1153 1158 1225 1231 1284 1290 1308 1322 1391 1419 1422 1478 1564 1568 1589 1646 1750 1818 1863 1946 1949 2091 2106 2121 2256 2259 2276 2293 2295 2308 2404 2419 2435 2450 2473 2474 2507 2526 3512 3513 3519 3526 3527 3529 3535 3545 3558 3564 3568 3569 3573 3574 3575 3576 3577 3580 3581 3582 3587 3588 3589 3590 3591 3593 3594 3597 3600 3602 3603 3604 3605 3606 3607 3752 3753 3755 3756 3771 3775 3776 3845 3865 3892 3992 4011 4018 4022 4056 4077 4103 4113 4115 4126 4257 4265 4374 4377 4406 4415 4422 4439 4454 4475 4503 4520 4541 4558 4573 4611 4615 4621 4633 4637 4643 4665 4722 4731 4745 4748 4848 4851 4853 4858 
	}
	weather={
	}
}
