
strategic_region={
	id=25
	name="STRATEGICREGION_25"
	provinces={
		58 309 572 580 626 671 789 824 884 888 1086 1157 1337 3748 3749 3750 3751 3754 3757 3758 3759 3761 3762 3763 3764 3765 3766 3767 3768 3769 3770 3772 3773 3774 3777 3797 3801 3822 3838 3938 3976 3997 4032 4045 4050 4058 4065 4099 4100 4107 4117 4133 4145 4165 4186 4190 4215 4216 4249 4251 4253 4254 4255 4256 4306 4308 4333 4334 4335 4366 4370 4375 4399 4428 4457 4458 4460 4461 4470 4532 4559 4591 4613 4639 4644 4650 4671 4673 4683 4734 4736 4737 4749 4754 4755 4762 4768 4844 4845 4852 4854 4855 4856 4860 4861 
	}
	weather={
	}
}
