
strategic_region={
	id=26
	name="STRATEGICREGION_26"
	provinces={
		3746 3778 3789 3790 3791 3796 3802 3803 3804 3814 3820 3823 3827 3831 3834 3837 3844 3851 3856 3859 3862 3863 3869 3876 3883 3888 3890 3894 3905 3911 3913 3914 3916 3917 3918 3921 3926 3929 3930 3931 3936 3945 3946 3949 3951 3956 3978 3979 3982 3984 3989 4009 4015 4019 4020 4026 4028 4034 4036 4037 4039 4047 4070 4074 4084 4096 4097 4101 4110 4122 4123 4128 4140 4142 4144 4151 4156 4160 4166 4170 4179 4188 4203 4208 4210 4214 4226 4229 4231 4235 4239 4252 4259 4261 4262 4271 4276 4281 4285 4299 4310 4314 4330 4332 4340 4341 4347 4348 4350 4362 4365 4368 4387 4394 4397 4404 4405 4414 4417 4425 4426 4427 4438 4456 4471 4473 4474 4478 4488 4497 4504 4509 4514 4527 4528 4554 4557 4564 4567 4571 4574 4583 4604 4628 4652 4653 4663 4669 4672 4675 4678 4681 4686 4697 4700 4703 4704 4738 4750 4772 4774 4778 4790 4798 4823 4829 4830 4833 4835 4836 4838 4842 4846 
	}
	weather={
	}
}
