
strategic_region={
	id=27
	name="STRATEGICREGION_27"
	provinces={
		1 7 24 33 38 47 53 56 88 90 96 102 103 105 114 116 125 144 161 177 181 207 209 212 220 221 238 239 277 292 306 316 320 324 333 341 356 372 395 418 423 430 455 460 465 510 584 608 615 648 649 670 682 743 749 772 805 817 930 939 957 975 979 983 991 1003 1009 1018 1046 1047 1066 1109 1124 1169 1197 1318 1357 1425 1426 1454 1475 1517 1600 1606 1611 1654 1661 1705 1714 1731 1745 1754 1771 1838 1877 1899 1937 1938 1955 1995 2053 2103 2145 2181 2298 2381 2517 2523 2564 2565 2566 2568 2572 2573 2576 2578 2580 2581 3608 3609 3610 3611 3612 3613 3614 3615 3616 3617 3618 3619 3620 3621 3622 3623 3624 3625 3626 3627 3628 3630 3631 3634 3635 3636 3637 3638 3640 3641 3642 3643 3644 3645 3646 3647 3648 3649 3650 3651 3653 3654 3655 3656 3657 3658 3660 3661 3662 3663 3670 3673 3674 3677 3679 3680 3682 3689 3697 3698 3703 3713 3714 3715 3724 3726 3780 3785 3793 3794 3798 3800 3807 3816 3825 3830 3847 3848 3857 3867 3870 3886 3891 3896 3899 3903 3915 3920 3922 3925 3928 3941 3996 4004 4008 4012 4013 4024 4033 4040 4041 4051 4052 4059 4060 4082 4083 4086 4094 4098 4106 4108 4116 4119 4125 4134 4139 4143 4150 4153 4154 4155 4161 4176 4183 4187 4193 4196 4198 4200 4205 4207 4218 4219 4221 4223 4224 4225 4237 4240 4244 4246 4250 4264 4268 4269 4270 4273 4275 4277 4278 4284 4286 4287 4290 4300 4301 4304 4311 4312 4316 4317 4319 4320 4323 4326 4328 4331 4337 4339 4345 4358 4359 4360 4378 4383 4386 4389 4390 4391 4392 4395 4398 4401 4402 4407 4408 4416 4420 4431 4433 4434 4436 4441 4450 4452 4453 4455 4464 4466 4472 4479 4480 4481 4485 4486 4487 4490 4492 4494 4495 4498 4500 4506 4513 4515 4516 4518 4525 4533 4534 4538 4545 4550 4551 4552 4562 4563 4568 4570 4579 4580 4581 4582 4584 4585 4590 4596 4597 4599 4601 4608 4614 4617 4618 4619 4620 4627 4634 4642 4647 4648 4649 4651 4655 4657 4658 4664 4668 4670 4682 4688 4689 4691 4692 4693 4695 4696 4701 4702 4706 4708 4713 4715 4716 4719 4720 4726 4744 4746 4747 4752 4763 4769 4770 4771 4776 4777 4779 4780 4781 4784 4785 4787 4788 4789 4792 4794 4795 4796 4799 4801 4805 4806 4807 4813 4817 4821 4862 4863 4864 
	}
	weather={
	}
}
