
strategic_region={
	id=28
	name="STRATEGICREGION_28"
	provinces={
		2 8 15 45 74 92 108 130 138 140 151 154 156 166 172 173 183 199 215 225 227 228 234 248 250 251 255 257 258 263 270 271 274 285 295 307 330 332 353 355 378 380 400 421 424 434 442 445 464 470 473 477 483 484 504 511 514 519 523 526 530 531 543 552 573 581 582 606 607 613 625 628 639 640 645 650 662 672 676 683 690 700 703 707 710 722 729 738 750 756 762 771 779 788 792 809 815 826 827 836 848 849 850 852 855 860 873 874 890 894 907 913 922 950 954 972 994 1002 1006 1007 1033 1045 1049 1050 1053 1060 1061 1064 1075 1077 1081 1083 1087 1090 1094 1122 1132 1143 1164 1167 1170 1188 1191 1192 1204 1205 1221 1223 1227 1228 1229 1238 1239 1243 1257 1268 1275 1277 1291 1304 1306 1312 1334 1336 1341 1349 1361 1367 1368 1371 1372 1392 1402 1429 1437 1445 1448 1482 1487 1499 1504 1508 1509 1514 1515 1519 1520 1523 1530 1541 1542 1580 1587 1594 1602 1614 1617 1618 1621 1635 1657 1671 1679 1680 1691 1718 1722 1723 1742 1752 1753 1785 1792 1793 1797 1803 1811 1813 1846 1866 1867 1881 1886 1894 1910 1919 1929 1934 1942 1945 1953 1963 1972 1982 1985 1994 2000 2003 2008 2018 2022 2030 2032 2036 2040 2055 2056 2057 2060 2064 2071 2073 2099 2104 2105 2111 2115 2118 2127 2128 2139 2146 2149 2155 2156 2162 2176 2190 2192 2199 2202 2211 2217 2233 2240 2250 2254 2261 2266 2290 2300 2302 2334 2349 2355 2365 2405 2411 2429 2443 2462 2490 2509 2512 2525 2528 2538 2539 2551 2593 2595 2596 2597 2598 2600 2601 2602 2603 2604 2605 2606 2607 2608 2609 2610 2611 2613 2614 2615 2616 2617 2618 2619 2622 2624 2627 2628 2629 2631 2632 2633 2635 2636 2638 2639 2641 2642 2643 2645 2647 2648 2649 2650 2652 2654 2655 2657 2658 2660 2661 2662 2663 2664 2666 2667 2668 2669 2672 2673 2676 2681 2684 2685 2686 2687 2689 2690 2691 2692 2694 2696 2700 2710 2711 2712 2713 2716 2717 2734 3708 3717 3722 3795 3817 3981 4241 4298 4352 4367 4381 4410 4443 4444 4489 4502 4519 4624 4626 4694 4814 4819 4820 4822 
	}
	weather={
	}
}
