
strategic_region={
	id=30
	name="STRATEGICREGION_30"
	provinces={
		5 6 13 14 16 22 25 26 27 29 31 37 39 40 43 49 51 60 61 64 65 71 79 82 83 86 87 95 106 107 119 123 124 126 128 133 136 137 142 145 152 158 160 162 164 167 168 169 179 180 182 186 190 192 198 202 206 211 216 218 222 223 226 231 233 235 246 247 249 259 260 264 266 279 283 291 294 299 301 302 318 327 336 339 340 344 346 347 348 359 364 368 369 377 382 383 390 391 394 397 398 399 409 411 413 414 425 427 429 433 438 443 446 449 450 462 467 468 481 487 492 495 499 507 524 532 536 542 545 549 554 557 559 569 571 576 577 585 591 593 595 597 599 601 603 604 611 616 619 654 663 668 674 687 691 694 697 699 711 717 724 727 732 741 745 752 760 763 768 795 799 811 818 823 837 842 843 845 847 868 878 889 891 892 902 912 917 920 927 929 933 938 940 944 947 953 959 962 964 967 968 970 973 989 997 998 1001 1004 1020 1036 1037 1048 1057 1069 1074 1091 1103 1105 1107 1108 1114 1138 1141 1146 1151 1166 1171 1180 1181 1193 1200 1211 1213 1215 1224 1237 1246 1248 1250 1266 1288 1289 1315 1328 1331 1365 1383 1386 1397 1398 1433 1457 1459 1470 1476 1489 1513 1521 1538 1539 1569 1577 1582 1595 1599 1631 1643 1644 1663 1668 1692 1701 1729 1737 1746 1766 1769 1770 1796 1800 1810 1830 1832 1859 1896 1933 1969 1988 1992 2006 2012 2025 2070 2084 2089 2108 2110 2157 2200 2218 2232 2297 2301 2362 2368 2390 2391 2407 2430 2452 2456 2476 2498 2500 2504 2511 2534 2548 2577 2579 2582 2583 2584 2587 2588 2590 2591 2592 2594 2599 2612 2620 2621 2623 2625 2630 2634 2637 2640 2644 2646 2651 2653 2659 2665 2675 2678 2680 2682 2693 2695 2697 2699 2702 2704 2705 2706 2708 3721 3723 3725 3727 3728 3729 3730 3731 3732 3733 3734 4162 4177 4336 4565 4684 4699 4865 
	}
	weather={
	}
}
