
strategic_region={
	id=31
	name="STRATEGICREGION_31"
	provinces={
		12 28 70 148 174 197 217 229 244 253 272 275 296 297 298 310 319 323 335 338 342 351 389 440 471 488 520 553 566 575 602 614 630 635 655 660 673 684 701 735 746 786 810 814 816 851 858 872 875 879 903 905 941 966 1014 1149 1340 1356 1376 1460 1526 1579 1610 1656 1703 1707 1870 1901 1935 1974 2035 2172 2203 2220 2418 2453 2520 2546 2563 2567 2569 2570 2571 2574 2575 2585 2586 2589 3629 3632 3633 3639 3652 3659 3664 3665 3666 3667 3668 3669 3671 3672 3675 3676 3678 3681 3683 3684 3685 3686 3687 3688 3690 3691 3692 3693 3694 3695 3696 3699 3700 3701 3702 3704 3705 3706 3707 3709 3710 3711 3712 3716 3718 3719 3720 3786 3788 3811 3819 3853 3872 3884 3885 3954 3955 3965 3967 3968 3971 3980 3983 4002 4014 4030 4043 4044 4054 4055 4080 4092 4102 4112 4127 4129 4149 4189 4195 4199 4202 4209 4211 4232 4236 4258 4274 4280 4296 4302 4318 4321 4322 4343 4344 4346 4364 4376 4382 4396 4403 4409 4418 4419 4440 4446 4483 4493 4496 4505 4508 4529 4540 4553 4555 4556 4561 4577 4578 4586 4598 4616 4623 4629 4631 4645 4654 4680 4690 4709 4710 4711 4718 4724 4729 4732 4740 4756 4761 4766 4773 4775 4782 4783 4786 4791 4793 4797 4802 4803 
	}
	weather={
	}
}
