
strategic_region={
	id=7
	name="STRATEGICREGION_7"
	provinces={
		89 284 392 406 518 556 586 643 730 765 808 822 864 897 945 949 993 1079 1220 1286 1350 1351 1359 1388 1407 1420 1472 1570 1574 1576 1586 1601 1608 1609 1734 1736 1765 1777 1790 1848 1855 1868 1906 1915 1952 1958 1971 1977 1979 2034 2046 2052 2133 2166 2198 2241 2243 2265 2378 2380 2382 2444 2455 2459 2471 2510 2543 3091 3093 3103 3106 3109 3111 3112 3114 3117 3118 3126 3135 3140 3141 3142 3144 3146 3147 3149 3152 3154 3156 3160 3166 3168 3169 3175 3176 3179 3180 3182 3185 3189 3190 3197 3198 3200 3202 3203 3207 3208 3211 3213 3215 3216 3221 3223 3224 3225 3228 3229 3233 3235 3236 3240 3242 3253 3254 3255 3256 3258 3260 3262 3265 
	}
	weather={
	}
}
